23 22 abf5d7cbf1bddd9f8a894cab5affec50 1543727567650
23 22 2424dd39d2ac74be0489e5de9eeacd666cedc3e94695e4383e8e6e687e75b303 1543727601239
23 22 65d741f853eda64d3535038baed4f512b6436096c04a1e969a8733f4b289cf0869e06e7bc5c4d60120081c5c2e4d4501c4fcfbd6490be1cf44267bf14129d8872227c555b4d41fb375a1c1a2da06de20740bd254f232f106b2c8b9bd94f31d3333b97a4a07f4809465cf401342b993cb6e3866c4b8ab60832a2fd672c8cd5f27a8b5ac02a5afbca11d12dada1479921a24d2739cadff4db2e5b7c050828d8b301d5b724a074ff68769e9adcc6f432634efa5ede5355bf4b2cad6aded4ba9f791b5e641b62e3ceab23f767e35cfd6619201b06835b9b22655a68085bee06195cb0f55a853c0f791b83b53675406275d3382fbc3d8e3dad48dc9bae826d390a248 1543727725361
22 23 137c92ac3a03f9995df489bf3acdd0e3 1543727935043
22 23 7d069935b06dc88abd177be88d22e2a9 1543727955041
22 23 7f0ecaa745d53bdf21382bbb2102d5656958a4a608654a4004f6db8e6ad19e19 1543727961132
22 23 a197579716734fd74e9bac8da1873a8c 1543727966595
22 23 35b83958deac11bf4f49e9be3e3b3cc1 1543727978283
22 23 947022822b437c1a5045572609e52f6f 1543837479483
22 23 abf5d7cbf1bddd9f8a894cab5affec50 1543913476082
